1 1 1 1 1 1 1 1 1 1 1 1 1 
12 12 12 12 12 12 12 12 12 12 12 12 12 
0 0 0.281733 0.540641 0.75575 0.909632 0.989821 0.989821 0.909632 0.75575 0.540641 0.281733 0 
0.0909091 0 0.270243 0.518592 0.724927 0.872534 0.949453 0.949453 0.872534 0.724927 0.518592 0.270243 0 
0.181818 0 0.236859 0.454529 0.635376 0.764749 0.832166 0.832166 0.764749 0.635376 0.454529 0.236859 0 
0.272727 0 0.184287 0.353643 0.49435 0.595008 0.647461 0.647461 0.595008 0.49435 0.353643 0.184287 0 
0.363636 0 0.116784 0.224108 0.313275 0.377063 0.410303 0.410303 0.377063 0.313275 0.224108 0.116784 0 
0.454545 0 0.0398211 0.0764161 0.10682 0.128571 0.139905 0.139905 0.128571 0.10682 0.0764161 0.0398211 0 
0.545455 0 -0.0403684 -0.0774663 -0.108288 -0.130338 -0.141828 -0.141828 -0.130338 -0.108288 -0.0774663 -0.0403684 0 
0.636364 0 -0.117287 -0.225073 -0.314624 -0.378687 -0.41207 -0.41207 -0.378687 -0.314624 -0.225073 -0.117287 0 
0.727273 0 -0.184705 -0.354445 -0.495471 -0.596357 -0.648929 -0.648929 -0.596357 -0.495471 -0.354445 -0.184705 0 
0.818182 0 -0.237158 -0.455103 -0.636178 -0.765714 -0.833216 -0.833216 -0.765714 -0.636178 -0.455103 -0.237158 0 
0.909091 0 -0.270398 -0.518891 -0.725345 -0.873037 -0.95 -0.95 -0.873037 -0.725345 -0.518891 -0.270398 0 
1 0 -0.281733 -0.540641 -0.75575 -0.909632 -0.989821 -0.989821 -0.909632 -0.75575 -0.540641 -0.281733 0 
