10 1 1 1 1 1 1 1 1 1 1 1 1 1 1 1 1 1 1 1 1 1 1 1 1 1 1 1 1 1 1 1 1 1 1 1 1 1 1 1 1 1 1 1 1 1 1 1 1 1 1 1 1 1 1 1 1 1 1 1 1 1 1 1 1 1 1 1 1 1 1 1 1 1 1 1 1 1 1 1 1 1 1 1 1 1 1 1 1 1 1 1 1 1 1 1 1 1 1 1 1 1 1 1 1 1 1 1 1 1 1 1 1 1 1 1 1 1 1 1 1 1 1 1 1 1 1 1 1 1 1 1 1 1 1 1 1 1 1 1 1 1 1 1 1 1 1 1 1 1 1 1 1 1 1 1 1 1 1 1 1 1 1 1 1 1 1 1 1 1 1 1 1 1 1 1 1 1 1 1 1 1 1 1 1 1 1 1 1 1 1 1 1 1 1 1 1 1 1 1 1 1 1 1 1 1 1 1 1 1 1 1 1 1 1 1 1 1 1 1 1 1 1 1 1 1 1 1 1 1 1 1 1 1 1 1 1 1 1 1 1 
240 25 25 25 25 25 25 25 25 25 25 25 25 25 25 25 25 25 25 25 25 25 25 25 25 25 25 25 25 25 25 25 25 25 25 25 25 25 25 25 25 25 25 25 25 25 25 25 25 25 25 25 25 25 25 25 25 25 25 25 25 25 25 25 25 25 25 25 25 25 25 25 25 25 25 25 25 25 25 25 25 25 25 25 25 25 25 25 25 25 25 25 25 25 25 25 25 25 25 25 25 25 25 25 25 25 25 25 25 25 25 25 25 25 25 25 25 25 25 25 25 25 25 25 25 25 25 25 25 25 25 25 25 25 25 25 25 25 25 25 25 25 25 25 25 25 25 25 25 25 25 25 25 25 25 25 25 25 25 25 25 25 25 25 25 25 25 25 25 25 25 25 25 25 25 25 25 25 25 25 25 25 25 25 25 25 25 25 25 25 25 25 25 25 25 25 25 25 25 25 25 25 25 25 25 25 25 25 25 25 25 25 25 25 25 25 25 25 25 25 25 25 25 25 25 25 25 25 25 25 25 25 25 25 25 25 25 25 25 25 25 
0 0 0 0 0 0 0 0 0 0 0 0 0 0 0 0 0 0 0 0 0 0 0 0 0 0 0 0 0 0 0 0 0 0 0 0 0 0 0 0 0 0 0 0 0 0 0 0 0 0 0 0 0 0 0 0 0 0 0 0 0 0 0 0 0 0 0 0 0 0 0 0 0 1 1 1 1 1 1 1 1 1 1 1 1 1 1 1 1 1 1 1 1 1 1 1 1 1 1 1 1 1 1 1 1 1 1 1 1 1 1 1 1 1 1 1 1 1 1 1 1 1 1 1 1 1 1 1 1 1 1 1 1 1 1 1 1 1 1 1 1 1 1 1 1 0 0 0 0 0 0 0 0 0 0 0 0 0 0 0 0 0 0 0 0 0 0 0 0 0 0 0 0 0 0 0 0 0 0 0 0 0 0 0 0 0 0 0 0 0 0 0 0 0 0 0 0 0 0 0 0 0 0 0 0 0 0 0 0 0 0 0 0 0 0 0 0 0 0 0 0 0 0 0 0 0 0 0 0 0 0 0 0 0 0 0 0 0 0 0 0 
0.0416667 0 0 0 0 0 0 0 0 0 0 0 0 0 0 0 0 0 0 0 0 0 0 0 0 0 0 0 0 0 0 0 0 0 0 0 0 0 0 0 0 0 0 0 0 0 0 0 0 0 0 0 0 0 0 0 0 0 0 0 0 0 0 0 0 0 0 0 0 0 0 0 0 1 1 1 1 1 1 1 1 1 1 1 1 1 1 1 1 1 1 1 1 1 1 1 1 1 1 1 1 1 1 1 1 1 1 1 1 1 1 1 1 1 1 1 1 1 1 1 1 1 1 1 1 1 1 1 1 1 1 1 1 1 1 1 1 1 1 1 1 1 1 1 1 0 0 0 0 0 0 0 0 0 0 0 0 0 0 0 0 0 0 0 0 0 0 0 0 0 0 0 0 0 0 0 0 0 0 0 0 0 0 0 0 0 0 0 0 0 0 0 0 0 0 0 0 0 0 0 0 0 0 0 0 0 0 0 0 0 0 0 0 0 0 0 0 0 0 0 0 0 0 0 0 0 0 0 0 0 0 0 0 0 0 0 0 0 0 0 0 
0.0833333 0 0 0 0 0 0 0 0 0 0 0 0 0 0 0 0 0 0 0 0 0 0 0 0 0 0 0 0 0 0 0 0 0 0 0 0 0 0 0 0 0 0 0 0 0 0 0 0 0 0 0 0 0 0 0 0 0 0 0 0 0 0 0 0 0 0 0 0 0 0 0 0.991684 0.00831597 1 1 1 1 1 1 1 1 1 1 1 1 1 1 1 1 1 1 1 1 1 1 1 1 1 1 1 1 1 1 1 1 1 1 1 1 1 1 1 1 1 1 1 1 1 1 1 1 1 1 1 1 1 1 1 1 1 1 1 1 1 1 1 1 1 1 1 1 1 1 0.00831597 0.991684 0 0 0 0 0 0 0 0 0 0 0 0 0 0 0 0 0 0 0 0 0 0 0 0 0 0 0 0 0 0 0 0 0 0 0 0 0 0 0 0 0 0 0 0 0 0 0 0 0 0 0 0 0 0 0 0 0 0 0 0 0 0 0 0 0 0 0 0 0 0 0 0 0 0 0 0 0 0 0 0 0 0 0 0 0 0 0 0 0 0 0 0 0 0 0 
0.125 0 0 0 0 0 0 0 0 0 0 0 0 0 0 0 0 0 0 0 0 0 0 0 0 0 0 0 0 0 0 0 0 0 0 0 0 0 0 0 0 0 0 0 0 0 0 0 0 0 0 0 0 0 0 0 0 0 0 0 0 0 0 0 0 0 0 0 0 0 0 0.983437 0.0247405 0.97526 0.0165628 1 1 1 1 1 1 1 1 1 1 1 1 1 1 1 1 1 1 1 1 1 1 1 1 1 1 1 1 1 1 1 1 1 1 1 1 1 1 1 1 1 1 1 1 1 1 1 1 1 1 1 1 1 1 1 1 1 1 1 1 1 1 1 1 1 1 1 1 0.0165628 0.97526 0.0247405 0.983437 0 0 0 0 0 0 0 0 0 0 0 0 0 0 0 0 0 0 0 0 0 0 0 0 0 0 0 0 0 0 0 0 0 0 0 0 0 0 0 0 0 0 0 0 0 0 0 0 0 0 0 0 0 0 0 0 0 0 0 0 0 0 0 0 0 0 0 0 0 0 0 0 0 0 0 0 0 0 0 0 0 0 0 0 0 0 0 0 0 0 0 0 0 0 
0.166667 0 0 0 0 0 0 0 0 0 0 0 0 0 0 0 0 0 0 0 0 0 0 0 0 0 0 0 0 0 0 0 0 0 0 0 0 0 0 0 0 0 0 0 0 0 0 0 0 0 0 0 0 0 0 0 0 0 0 0 0 0 0 0 0 0 0 0 0 0 0.975259 0.0408912 0.951136 0.0488643 0.959109 0.024741 1 1 1 1 1 1 1 1 1 1 1 1 1 1 1 1 1 1 1 1 1 1 1 1 1 1 1 1 1 1 1 1 1 1 1 1 1 1 1 1 1 1 1 1 1 1 1 1 1 1 1 1 1 1 1 1 1 1 1 1 1 1 1 1 1 1 0.024741 0.959109 0.0488643 0.951136 0.0408912 0.975259 0 0 0 0 0 0 0 0 0 0 0 0 0 0 0 0 0 0 0 0 0 0 0 0 0 0 0 0 0 0 0 0 0 0 0 0 0 0 0 0 0 0 0 0 0 0 0 0 0 0 0 0 0 0 0 0 0 0 0 0 0 0 0 0 0 0 0 0 0 0 0 0 0 0 0 0 0 0 0 0 0 0 0 0 0 0 0 0 0 0 0 0 0 
0.208333 0 0 0 0 0 0 0 0 0 0 0 0 0 0 0 0 0 0 0 0 0 0 0 0 0 0 0 0 0 0 0 0 0 0 0 0 0 0 0 0 0 0 0 0 0 0 0 0 0 0 0 0 0 0 0 0 0 0 0 0 0 0 0 0 0 0 0 0 0.967149 0.0567716 0.927618 0.0800878 0.919912 0.0723822 0.943228 0.0328513 1 1 1 1 1 1 1 1 1 1 1 1 1 1 1 1 1 1 1 1 1 1 1 1 1 1 1 1 1 1 1 1 1 1 1 1 1 1 1 1 1 1 1 1 1 1 1 1 1 1 1 1 1 1 1 1 1 1 1 1 1 1 1 1 0.0328513 0.943228 0.0723822 0.919912 0.0800878 0.927618 0.0567716 0.967149 0 0 0 0 0 0 0 0 0 0 0 0 0 0 0 0 0 0 0 0 0 0 0 0 0 0 0 0 0 0 0 0 0 0 0 0 0 0 0 0 0 0 0 0 0 0 0 0 0 0 0 0 0 0 0 0 0 0 0 0 0 0 0 0 0 0 0 0 0 0 0 0 0 0 0 0 0 0 0 0 0 0 0 0 0 0 0 0 0 0 0 0 
0.25 0 0 0 0 0 0 0 0 0 0 0 0 0 0 0 0 0 0 0 0 0 0 0 0 0 0 0 0 0 0 0 0 0 0 0 0 0 0 0 0 0 0 0 0 0 0 0 0 0 0 0 0 0 0 0 0 0 0 0 0 0 0 0 0 0 0 0 0.959106 0.072385 0.904695 0.110258 0.882362 0.117638 0.889742 0.0953051 0.927615 0.040894 1 1 1 1 1 1 1 1 1 1 1 1 1 1 1 1 1 1 1 1 1 1 1 1 1 1 1 1 1 1 1 1 1 1 1 1 1 1 1 1 1 1 1 1 1 1 1 1 1 1 1 1 1 1 1 1 1 1 1 1 1 1 0.040894 0.927615 0.0953051 0.889742 0.117638 0.882362 0.110258 0.904695 0.072385 0.959106 0 0 0 0 0 0 0 0 0 0 0 0 0 0 0 0 0 0 0 0 0 0 0 0 0 0 0 0 0 0 0 0 0 0 0 0 0 0 0 0 0 0 0 0 0 0 0 0 0 0 0 0 0 0 0 0 0 0 0 0 0 0 0 0 0 0 0 0 0 0 0 0 0 0 0 0 0 0 0 0 0 0 0 0 0 0 0 0 0 0 0 
0.291667 0 0 0 0 0 0 0 0 0 0 0 0 0 0 0 0 0 0 0 0 0 0 0 0 0 0 0 0 0 0 0 0 0 0 0 0 0 0 0 0 0 0 0 0 0 0 0 0 0 0 0 0 0 0 0 0 0 0 0 0 0 0 0 0 0 0 0.95113 0.0877349 0.882357 0.1394 0.846412 0.160588 0.839412 0.153588 0.8606 0.117643 0.912265 0.0488699 1 1 1 1 1 1 1 1 1 1 1 1 1 1 1 1 1 1 1 1 1 1 1 1 1 1 1 1 1 1 1 1 1 1 1 1 1 1 1 1 1 1 1 1 1 1 1 1 1 1 1 1 1 1 1 1 1 1 1 1 0.0488699 0.912265 0.117643 0.8606 0.153588 0.839412 0.160588 0.846412 0.1394 0.882357 0.0877349 0.95113 0 0 0 0 0 0 0 0 0 0 0 0 0 0 0 0 0 0 0 0 0 0 0 0 0 0 0 0 0 0 0 0 0 0 0 0 0 0 0 0 0 0 0 0 0 0 0 0 0 0 0 0 0 0 0 0 0 0 0 0 0 0 0 0 0 0 0 0 0 0 0 0 0 0 0 0 0 0 0 0 0 0 0 0 0 0 0 0 0 0 
0.333333 0 0 0 0 0 0 0 0 0 0 0 0 0 0 0 0 0 0 0 0 0 0 0 0 0 0 0 0 0 0 0 0 0 0 0 0 0 0 0 0 0 0 0 0 0 0 0 0 0 0 0 0 0 0 0 0 0 0 0 0 0 0 0 0 0 0.94322 0.102824 0.860593 0.167536 0.812016 0.201313 0.792113 0.207887 0.798687 0.187984 0.832464 0.139407 0.897176 0.0567795 1 1 1 1 1 1 1 1 1 1 1 1 1 1 1 1 1 1 1 1 1 1 1 1 1 1 1 1 1 1 1 1 1 1 1 1 1 1 1 1 1 1 1 1 1 1 1 1 1 1 1 1 1 1 1 1 1 1 0.0567795 0.897176 0.139407 0.832464 0.187984 0.798687 0.207887 0.792113 0.201313 0.812016 0.167536 0.860593 0.102824 0.94322 0 0 0 0 0 0 0 0 0 0 0 0 0 0 0 0 0 0 0 0 0 0 0 0 0 0 0 0 0 0 0 0 0 0 0 0 0 0 0 0 0 0 0 0 0 0 0 0 0 0 0 0 0 0 0 0 0 0 0 0 0 0 0 0 0 0 0 0 0 0 0 0 0 0 0 0 0 0 0 0 0 0 0 0 0 0 0 0 0 
0.375 0 0 0 0 0 0 0 0 0 0 0 0 0 0 0 0 0 0 0 0 0 0 0 0 0 0 0 0 0 0 0 0 0 0 0 0 0 0 0 0 0 0 0 0 0 0 0 0 0 0 0 0 0 0 0 0 0 0 0 0 0 0 0 0 0.935377 0.117657 0.839393 0.19469 0.779129 0.239887 0.747725 0.258383 0.741617 0.252275 0.760113 0.220871 0.80531 0.160607 0.882343 0.0646233 1 1 1 1 1 1 1 1 1 1 1 1 1 1 1 1 1 1 1 1 1 1 1 1 1 1 1 1 1 1 1 1 1 1 1 1 1 1 1 1 1 1 1 1 1 1 1 1 1 1 1 1 1 1 1 1 0.0646233 0.882343 0.160607 0.80531 0.220871 0.760113 0.252275 0.741617 0.258383 0.747725 0.239887 0.779129 0.19469 0.839393 0.117657 0.935377 0 0 0 0 0 0 0 0 0 0 0 0 0 0 0 0 0 0 0 0 0 0 0 0 0 0 0 0 0 0 0 0 0 0 0 0 0 0 0 0 0 0 0 0 0 0 0 0 0 0 0 0 0 0 0 0 0 0 0 0 0 0 0 0 0 0 0 0 0 0 0 0 0 0 0 0 0 0 0 0 0 0 0 0 0 0 0 0 
0.416667 0 0 0 0 0 0 0 0 0 0 0 0 0 0 0 0 0 0 0 0 0 0 0 0 0 0 0 0 0 0 0 0 0 0 0 0 0 0 0 0 0 0 0 0 0 0 0 0 0 0 0 0 0 0 0 0 0 0 0 0 0 0 0 0.927598 0.132236 0.818747 0.220886 0.747708 0.276386 0.706131 0.30525 0.689142 0.310858 0.69475 0.293869 0.723614 0.252292 0.779114 0.181253 0.867764 0.0724019 1 1 1 1 1 1 1 1 1 1 1 1 1 1 1 1 1 1 1 1 1 1 1 1 1 1 1 1 1 1 1 1 1 1 1 1 1 1 1 1 1 1 1 1 1 1 1 1 1 1 1 1 1 1 0.0724019 0.867764 0.181253 0.779114 0.252292 0.723614 0.293869 0.69475 0.310858 0.689142 0.30525 0.706131 0.276386 0.747708 0.220886 0.818747 0.132236 0.927598 0 0 0 0 0 0 0 0 0 0 0 0 0 0 0 0 0 0 0 0 0 0 0 0 0 0 0 0 0 0 0 0 0 0 0 0 0 0 0 0 0 0 0 0 0 0 0 0 0 0 0 0 0 0 0 0 0 0 0 0 0 0 0 0 0 0 0 0 0 0 0 0 0 0 0 0 0 0 0 0 0 0 0 0 0 0 0 
0.458333 0 0 0 0 0 0 0 0 0 0 0 0 0 0 0 0 0 0 0 0 0 0 0 0 0 0 0 0 0 0 0 0 0 0 0 0 0 0 0 0 0 0 0 0 0 0 0 0 0 0 0 0 0 0 0 0 0 0 0 0 0 0 0.919884 0.146564 0.798645 0.246146 0.717709 0.310882 0.667216 0.348656 0.641021 0.364063 0.635937 0.358979 0.651344 0.332784 0.689118 0.282291 0.753854 0.201355 0.853436 0.0801157 1 1 1 1 1 1 1 1 1 1 1 1 1 1 1 1 1 1 1 1 1 1 1 1 1 1 1 1 1 1 1 1 1 1 1 1 1 1 1 1 1 1 1 1 1 1 1 1 1 1 1 1 0.0801157 0.853436 0.201355 0.753854 0.282291 0.689118 0.332784 0.651344 0.358979 0.635937 0.364063 0.641021 0.348656 0.667216 0.310882 0.717709 0.246146 0.798645 0.146564 0.919884 0 0 0 0 0 0 0 0 0 0 0 0 0 0 0 0 0 0 0 0 0 0 0 0 0 0 0 0 0 0 0 0 0 0 0 0 0 0 0 0 0 0 0 0 0 0 0 0 0 0 0 0 0 0 0 0 0 0 0 0 0 0 0 0 0 0 0 0 0 0 0 0 0 0 0 0 0 0 0 0 0 0 0 0 0 0 
0.5 0 0 0 0 0 0 0 0 0 0 0 0 0 0 0 0 0 0 0 0 0 0 0 0 0 0 0 0 0 0 0 0 0 0 0 0 0 0 0 0 0 0 0 0 0 0 0 0 0 0 0 0 0 0 0 0 0 0 0 0 0 0.912235 0.160644 0.779078 0.270491 0.689091 0.343447 0.630871 0.388765 0.597026 0.412204 0.583252 0.416748 0.587796 0.402974 0.611235 0.369129 0.656553 0.310909 0.729509 0.220922 0.839356 0.0877655 1 1 1 1 1 1 1 1 1 1 1 1 1 1 1 1 1 1 1 1 1 1 1 1 1 1 1 1 1 1 1 1 1 1 1 1 1 1 1 1 1 1 1 1 1 1 1 1 1 1 0.0877655 0.839356 0.220922 0.729509 0.310909 0.656553 0.369129 0.611235 0.402974 0.587796 0.416748 0.583252 0.412204 0.597026 0.388765 0.630871 0.343447 0.689091 0.270491 0.779078 0.160644 0.912235 0 0 0 0 0 0 0 0 0 0 0 0 0 0 0 0 0 0 0 0 0 0 0 0 0 0 0 0 0 0 0 0 0 0 0 0 0 0 0 0 0 0 0 0 0 0 0 0 0 0 0 0 0 0 0 0 0 0 0 0 0 0 0 0 0 0 0 0 0 0 0 0 0 0 0 0 0 0 0 0 0 0 0 0 0 
0.541667 0 0 0 0 0 0 0 0 0 0 0 0 0 0 0 0 0 0 0 0 0 0 0 0 0 0 0 0 0 0 0 0 0 0 0 0 0 0 0 0 0 0 0 0 0 0 0 0 0 0 0 0 0 0 0 0 0 0 0 0 0.904648 0.174481 0.760035 0.293944 0.661813 0.374147 0.596989 0.425732 0.556936 0.455582 0.536298 0.467696 0.532304 0.463702 0.544418 0.443064 0.574268 0.403011 0.625853 0.338187 0.706056 0.239965 0.825519 0.0953516 1 1 1 1 1 1 1 1 1 1 1 1 1 1 1 1 1 1 1 1 1 1 1 1 1 1 1 1 1 1 1 1 1 1 1 1 1 1 1 1 1 1 1 1 1 1 1 1 0.0953516 0.825519 0.239965 0.706056 0.338187 0.625853 0.403011 0.574268 0.443064 0.544418 0.463702 0.532304 0.467696 0.536298 0.455582 0.556936 0.425732 0.596989 0.374147 0.661813 0.293944 0.760035 0.174481 0.904648 0 0 0 0 0 0 0 0 0 0 0 0 0 0 0 0 0 0 0 0 0 0 0 0 0 0 0 0 0 0 0 0 0 0 0 0 0 0 0 0 0 0 0 0 0 0 0 0 0 0 0 0 0 0 0 0 0 0 0 0 0 0 0 0 0 0 0 0 0 0 0 0 0 0 0 0 0 0 0 0 0 0 0 0 
0.583333 0 0 0 0 0 0 0 0 0 0 0 0 0 0 0 0 0 0 0 0 0 0 0 0 0 0 0 0 0 0 0 0 0 0 0 0 0 0 0 0 0 0 0 0 0 0 0 0 0 0 0 0 0 0 0 0 0 0 0 0.897125 0.188076 0.741507 0.316526 0.635835 0.403052 0.565466 0.459711 0.520538 0.494484 0.494693 0.512315 0.484242 0.515758 0.487685 0.505307 0.505516 0.479462 0.540289 0.434534 0.596948 0.364165 0.683474 0.258493 0.811924 0.102875 1 1 1 1 1 1 1 1 1 1 1 1 1 1 1 1 1 1 1 1 1 1 1 1 1 1 1 1 1 1 1 1 1 1 1 1 1 1 1 1 1 1 1 1 1 1 0.102875 0.811924 0.258493 0.683474 0.364165 0.596948 0.434534 0.540289 0.479462 0.505516 0.505307 0.487685 0.515758 0.484242 0.512315 0.494693 0.494484 0.520538 0.459711 0.565466 0.403052 0.635835 0.316526 0.741507 0.188076 0.897125 0 0 0 0 0 0 0 0 0 0 0 0 0 0 0 0 0 0 0 0 0 0 0 0 0 0 0 0 0 0 0 0 0 0 0 0 0 0 0 0 0 0 0 0 0 0 0 0 0 0 0 0 0 0 0 0 0 0 0 0 0 0 0 0 0 0 0 0 0 0 0 0 0 0 0 0 0 0 0 0 0 0 0 
0.625 0 0 0 0 0 0 0 0 0 0 0 0 0 0 0 0 0 0 0 0 0 0 0 0 0 0 0 0 0 0 0 0 0 0 0 0 0 0 0 0 0 0 0 0 0 0 0 0 0 0 0 0 0 0 0 0 0 0 0.889665 0.201433 0.723486 0.338257 0.611118 0.430225 0.536201 0.490845 0.487629 0.529184 0.458077 0.551072 0.443017 0.559882 0.440118 0.556983 0.448928 0.541923 0.470816 0.512371 0.509155 0.463799 0.569775 0.388882 0.661743 0.276514 0.798567 0.110335 1 1 1 1 1 1 1 1 1 1 1 1 1 1 1 1 1 1 1 1 1 1 1 1 1 1 1 1 1 1 1 1 1 1 1 1 1 1 1 1 1 1 1 1 0.110335 0.798567 0.276514 0.661743 0.388882 0.569775 0.463799 0.509155 0.512371 0.470816 0.541923 0.448928 0.556983 0.440118 0.559882 0.443017 0.551072 0.458077 0.529184 0.487629 0.490845 0.536201 0.430225 0.611118 0.338257 0.723486 0.201433 0.889665 0 0 0 0 0 0 0 0 0 0 0 0 0 0 0 0 0 0 0 0 0 0 0 0 0 0 0 0 0 0 0 0 0 0 0 0 0 0 0 0 0 0 0 0 0 0 0 0 0 0 0 0 0 0 0 0 0 0 0 0 0 0 0 0 0 0 0 0 0 0 0 0 0 0 0 0 0 0 0 0 0 0 
0.666667 0 0 0 0 0 0 0 0 0 0 0 0 0 0 0 0 0 0 0 0 0 0 0 0 0 0 0 0 0 0 0 0 0 0 0 0 0 0 0 0 0 0 0 0 0 0 0 0 0 0 0 0 0 0 0 0 0 0.882266 0.214554 0.70596 0.359159 0.587624 0.45573 0.509098 0.519276 0.458015 0.559946 0.426105 0.584408 0.408073 0.596768 0.400861 0.599139 0.403232 0.591927 0.415592 0.573895 0.440054 0.541985 0.480724 0.490902 0.54427 0.412376 0.640841 0.29404 0.785446 0.117734 1 1 1 1 1 1 1 1 1 1 1 1 1 1 1 1 1 1 1 1 1 1 1 1 1 1 1 1 1 1 1 1 1 1 1 1 1 1 1 1 1 1 0.117734 0.785446 0.29404 0.640841 0.412376 0.54427 0.490902 0.480724 0.541985 0.440054 0.573895 0.415592 0.591927 0.403232 0.599139 0.400861 0.596768 0.408073 0.584408 0.426105 0.559946 0.458015 0.519276 0.509098 0.45573 0.587624 0.359159 0.70596 0.214554 0.882266 0 0 0 0 0 0 0 0 0 0 0 0 0 0 0 0 0 0 0 0 0 0 0 0 0 0 0 0 0 0 0 0 0 0 0 0 0 0 0 0 0 0 0 0 0 0 0 0 0 0 0 0 0 0 0 0 0 0 0 0 0 0 0 0 0 0 0 0 0 0 0 0 0 0 0 0 0 0 0 0 0 
0.708333 0 0 0 0 0 0 0 0 0 0 0 0 0 0 0 0 0 0 0 0 0 0 0 0 0 0 0 0 0 0 0 0 0 0 0 0 0 0 0 0 0 0 0 0 0 0 0 0 0 0 0 0 0 0 0 0 0.87493 0.227444 0.688923 0.379251 0.565315 0.479628 0.484063 0.545141 0.431506 0.587021 0.398451 0.612741 0.378884 0.627069 0.369115 0.632747 0.367253 0.630885 0.372931 0.621116 0.387259 0.601549 0.412979 0.568494 0.454859 0.515937 0.520372 0.434685 0.620749 0.311077 0.772556 0.12507 1 1 1 1 1 1 1 1 1 1 1 1 1 1 1 1 1 1 1 1 1 1 1 1 1 1 1 1 1 1 1 1 1 1 1 1 1 1 1 1 0.12507 0.772556 0.311077 0.620749 0.434685 0.520372 0.515937 0.454859 0.568494 0.412979 0.601549 0.387259 0.621116 0.372931 0.630885 0.367253 0.632747 0.369115 0.627069 0.378884 0.612741 0.398451 0.587021 0.431506 0.545141 0.484063 0.479628 0.565315 0.379251 0.688923 0.227444 0.87493 0 0 0 0 0 0 0 0 0 0 0 0 0 0 0 0 0 0 0 0 0 0 0 0 0 0 0 0 0 0 0 0 0 0 0 0 0 0 0 0 0 0 0 0 0 0 0 0 0 0 0 0 0 0 0 0 0 0 0 0 0 0 0 0 0 0 0 0 0 0 0 0 0 0 0 0 0 0 0 0 
0.75 0 0 0 0 0 0 0 0 0 0 0 0 0 0 0 0 0 0 0 0 0 0 0 0 0 0 0 0 0 0 0 0 0 0 0 0 0 0 0 0 0 0 0 0 0 0 0 0 0 0 0 0 0 0 0 0.867654 0.240104 0.672364 0.398554 0.544154 0.50198 0.461005 0.568568 0.407924 0.610647 0.374804 0.636465 0.354957 0.651393 0.344136 0.65871 0.339907 0.660093 0.34129 0.655864 0.348607 0.645043 0.363535 0.625196 0.389353 0.592076 0.431432 0.538995 0.49802 0.455846 0.601446 0.327636 0.759896 0.132346 1 1 1 1 1 1 1 1 1 1 1 1 1 1 1 1 1 1 1 1 1 1 1 1 1 1 1 1 1 1 1 1 1 1 1 1 1 1 0.132346 0.759896 0.327636 0.601446 0.455846 0.49802 0.538995 0.431432 0.592076 0.389353 0.625196 0.363535 0.645043 0.348607 0.655864 0.34129 0.660093 0.339907 0.65871 0.344136 0.651393 0.354957 0.636465 0.374804 0.610647 0.407924 0.568568 0.461005 0.50198 0.544154 0.398554 0.672364 0.240104 0.867654 0 0 0 0 0 0 0 0 0 0 0 0 0 0 0 0 0 0 0 0 0 0 0 0 0 0 0 0 0 0 0 0 0 0 0 0 0 0 0 0 0 0 0 0 0 0 0 0 0 0 0 0 0 0 0 0 0 0 0 0 0 0 0 0 0 0 0 0 0 0 0 0 0 0 0 0 0 0 0 
0.791667 0 0 0 0 0 0 0 0 0 0 0 0 0 0 0 0 0 0 0 0 0 0 0 0 0 0 0 0 0 0 0 0 0 0 0 0 0 0 0 0 0 0 0 0 0 0 0 0 0 0 0 0 0 0 0.860438 0.252538 0.656275 0.417086 0.524108 0.522844 0.439835 0.589685 0.387096 0.631052 0.354869 0.655954 0.335827 0.670311 0.325229 0.677863 0.320195 0.680742 0.319258 0.679805 0.322137 0.674771 0.329689 0.664173 0.344046 0.645131 0.368948 0.612904 0.410315 0.560165 0.477156 0.475892 0.582914 0.343725 0.747462 0.139562 1 1 1 1 1 1 1 1 1 1 1 1 1 1 1 1 1 1 1 1 1 1 1 1 1 1 1 1 1 1 1 1 1 1 1 1 0.139562 0.747462 0.343725 0.582914 0.475892 0.477156 0.560165 0.410315 0.612904 0.368948 0.645131 0.344046 0.664173 0.329689 0.674771 0.322137 0.679805 0.319258 0.680742 0.320195 0.677863 0.325229 0.670311 0.335827 0.655954 0.354869 0.631052 0.387096 0.589685 0.439835 0.522844 0.524108 0.417086 0.656275 0.252538 0.860438 0 0 0 0 0 0 0 0 0 0 0 0 0 0 0 0 0 0 0 0 0 0 0 0 0 0 0 0 0 0 0 0 0 0 0 0 0 0 0 0 0 0 0 0 0 0 0 0 0 0 0 0 0 0 0 0 0 0 0 0 0 0 0 0 0 0 0 0 0 0 0 0 0 0 0 0 0 0 
0.833333 0 0 0 0 0 0 0 0 0 0 0 0 0 0 0 0 0 0 0 0 0 0 0 0 0 0 0 0 0 0 0 0 0 0 0 0 0 0 0 0 0 0 0 0 0 0 0 0 0 0 0 0 0 0.853283 0.264749 0.640646 0.434867 0.505139 0.542277 0.420468 0.608612 0.368856 0.648456 0.338366 0.671559 0.321057 0.684356 0.31175 0.690979 0.307194 0.693922 0.30555 0.69445 0.306078 0.692806 0.309021 0.68825 0.315644 0.678943 0.328441 0.661634 0.351544 0.631144 0.391388 0.579532 0.457723 0.494861 0.565133 0.359354 0.735251 0.146717 1 1 1 1 1 1 1 1 1 1 1 1 1 1 1 1 1 1 1 1 1 1 1 1 1 1 1 1 1 1 1 1 1 1 0.146717 0.735251 0.359354 0.565133 0.494861 0.457723 0.579532 0.391388 0.631144 0.351544 0.661634 0.328441 0.678943 0.315644 0.68825 0.309021 0.692806 0.306078 0.69445 0.30555 0.693922 0.307194 0.690979 0.31175 0.684356 0.321057 0.671559 0.338366 0.648456 0.368856 0.608612 0.420468 0.542277 0.505139 0.434867 0.640646 0.264749 0.853283 0 0 0 0 0 0 0 0 0 0 0 0 0 0 0 0 0 0 0 0 0 0 0 0 0 0 0 0 0 0 0 0 0 0 0 0 0 0 0 0 0 0 0 0 0 0 0 0 0 0 0 0 0 0 0 0 0 0 0 0 0 0 0 0 0 0 0 0 0 0 0 0 0 0 0 0 0 
0.875 0 0 0 0 0 0 0 0 0 0 0 0 0 0 0 0 0 0 0 0 0 0 0 0 0 0 0 0 0 0 0 0 0 0 0 0 0 0 0 0 0 0 0 0 0 0 0 0 0 0 0 0 0.846187 0.276739 0.625471 0.451914 0.487216 0.560333 0.402821 0.625467 0.353048 0.663064 0.325031 0.683613 0.31024 0.694025 0.3031 0.698771 0.30006 0.70063 0.298995 0.701167 0.298833 0.701005 0.29937 0.69994 0.301229 0.6969 0.305975 0.68976 0.316387 0.674969 0.336936 0.646952 0.374533 0.597179 0.439667 0.512784 0.548086 0.374529 0.723261 0.153813 1 1 1 1 1 1 1 1 1 1 1 1 1 1 1 1 1 1 1 1 1 1 1 1 1 1 1 1 1 1 1 1 0.153813 0.723261 0.374529 0.548086 0.512784 0.439667 0.597179 0.374533 0.646952 0.336936 0.674969 0.316387 0.68976 0.305975 0.6969 0.301229 0.69994 0.29937 0.701005 0.298833 0.701167 0.298995 0.70063 0.30006 0.698771 0.3031 0.694025 0.31024 0.683613 0.325031 0.663064 0.353048 0.625467 0.402821 0.560333 0.487216 0.451914 0.625471 0.276739 0.846187 0 0 0 0 0 0 0 0 0 0 0 0 0 0 0 0 0 0 0 0 0 0 0 0 0 0 0 0 0 0 0 0 0 0 0 0 0 0 0 0 0 0 0 0 0 0 0 0 0 0 0 0 0 0 0 0 0 0 0 0 0 0 0 0 0 0 0 0 0 0 0 0 0 0 0 0 
0.916667 0 0 0 0 0 0 0 0 0 0 0 0 0 0 0 0 0 0 0 0 0 0 0 0 0 0 0 0 0 0 0 0 0 0 0 0 0 0 0 0 0 0 0 0 0 0 0 0 0 0 0 0.83915 0.288512 0.610739 0.468248 0.470303 0.577066 0.386815 0.640362 0.339518 0.675076 0.314611 0.692428 0.302992 0.699782 0.298726 0.701899 0.298017 0.701776 0.298533 0.70119 0.298969 0.701031 0.29881 0.701467 0.298224 0.701983 0.298101 0.701274 0.300218 0.697008 0.307572 0.685389 0.324924 0.660482 0.359638 0.613185 0.422934 0.529697 0.531752 0.389261 0.711488 0.16085 1 1 1 1 1 1 1 1 1 1 1 1 1 1 1 1 1 1 1 1 1 1 1 1 1 1 1 1 1 1 0.16085 0.711488 0.389261 0.531752 0.529697 0.422934 0.613185 0.359638 0.660482 0.324924 0.685389 0.307572 0.697008 0.300218 0.701274 0.298101 0.701983 0.298224 0.701467 0.29881 0.701031 0.298969 0.70119 0.298533 0.701776 0.298017 0.701899 0.298726 0.699782 0.302992 0.692428 0.314611 0.675076 0.339518 0.640362 0.386815 0.577066 0.470303 0.468248 0.610739 0.288512 0.83915 0 0 0 0 0 0 0 0 0 0 0 0 0 0 0 0 0 0 0 0 0 0 0 0 0 0 0 0 0 0 0 0 0 0 0 0 0 0 0 0 0 0 0 0 0 0 0 0 0 0 0 0 0 0 0 0 0 0 0 0 0 0 0 0 0 0 0 0 0 0 0 0 0 0 0 
0.958333 0 0 0 0 0 0 0 0 0 0 0 0 0 0 0 0 0 0 0 0 0 0 0 0 0 0 0 0 0 0 0 0 0 0 0 0 0 0 0 0 0 0 0 0 0 0 0 0 0 0 0.832172 0.300069 0.596444 0.483885 0.45437 0.592529 0.372373 0.653405 0.328123 0.684678 0.30687 0.6983 0.298953 0.70206 0.298112 0.700969 0.300354 0.698188 0.3032 0.695634 0.3052 0.694366 0.305634 0.6948 0.304366 0.6968 0.301812 0.699646 0.299031 0.701888 0.29794 0.701047 0.3017 0.69313 0.315322 0.671877 0.346595 0.627627 0.407471 0.54563 0.516115 0.403556 0.699931 0.167828 1 1 1 1 1 1 1 1 1 1 1 1 1 1 1 1 1 1 1 1 1 1 1 1 1 1 1 1 0.167828 0.699931 0.403556 0.516115 0.54563 0.407471 0.627627 0.346595 0.671877 0.315322 0.69313 0.3017 0.701047 0.29794 0.701888 0.299031 0.699646 0.301812 0.6968 0.304366 0.6948 0.305634 0.694366 0.3052 0.695634 0.3032 0.698188 0.300354 0.700969 0.298112 0.70206 0.298953 0.6983 0.30687 0.684678 0.328123 0.653405 0.372373 0.592529 0.45437 0.483885 0.596444 0.300069 0.832172 0 0 0 0 0 0 0 0 0 0 0 0 0 0 0 0 0 0 0 0 0 0 0 0 0 0 0 0 0 0 0 0 0 0 0 0 0 0 0 0 0 0 0 0 0 0 0 0 0 0 0 0 0 0 0 0 0 0 0 0 0 0 0 0 0 0 0 0 0 0 0 0 0 0 
1 0 0 0 0 0 0 0 0 0 0 0 0 0 0 0 0 0 0 0 0 0 0 0 0 0 0 0 0 0 0 0 0 0 0 0 0 0 0 0 0 0 0 0 0 0 0 0 0 0 0.825252 0.311414 0.582576 0.498843 0.439383 0.606772 0.359419 0.6647 0.318722 0.692051 0.301581 0.701506 0.297788 0.701258 0.300784 0.696537 0.306422 0.690617 0.31213 0.685498 0.316378 0.682327 0.318333 0.681667 0.317673 0.683622 0.314502 0.68787 0.309383 0.693578 0.303463 0.699216 0.298742 0.702212 0.298494 0.698419 0.307949 0.681278 0.3353 0.640581 0.393228 0.560617 0.501157 0.417424 0.688586 0.174748 1 1 1 1 1 1 1 1 1 1 1 1 1 1 1 1 1 1 1 1 1 1 1 1 1 1 0.174748 0.688586 0.417424 0.501157 0.560617 0.393228 0.640581 0.3353 0.681278 0.307949 0.698419 0.298494 0.702212 0.298742 0.699216 0.303463 0.693578 0.309383 0.68787 0.314502 0.683622 0.317673 0.681667 0.318333 0.682327 0.316378 0.685498 0.31213 0.690617 0.306422 0.696537 0.300784 0.701258 0.297788 0.701506 0.301581 0.692051 0.318722 0.6647 0.359419 0.606772 0.439383 0.498843 0.582576 0.311414 0.825252 0 0 0 0 0 0 0 0 0 0 0 0 0 0 0 0 0 0 0 0 0 0 0 0 0 0 0 0 0 0 0 0 0 0 0 0 0 0 0 0 0 0 0 0 0 0 0 0 0 0 0 0 0 0 0 0 0 0 0 0 0 0 0 0 0 0 0 0 0 0 0 0 0 
