10 1 1 1 1 1 1 1 1 1 1 1 1 1 1 1 1 1 1 1 1 1 1 1 1 1 1 1 1 1 1 1 1 1 1 1 1 1 1 1 1 1 1 1 1 1 1 1 1 1 1 1 1 1 1 1 1 1 1 1 1 1 1 1 1 1 1 1 1 1 1 1 1 1 1 1 1 1 1 1 1 1 1 1 1 1 1 1 1 1 1 1 1 1 1 1 1 1 1 1 1 1 1 1 1 1 1 1 1 1 1 1 1 1 1 1 1 1 1 1 1 1 1 1 1 1 1 1 1 1 1 1 1 1 1 1 1 1 1 1 1 1 1 1 1 1 1 1 1 1 1 1 1 1 1 1 1 1 1 1 1 1 1 1 1 1 1 1 1 1 1 1 1 1 1 1 1 1 1 1 1 1 1 1 1 1 1 1 1 1 1 1 1 1 1 1 1 1 1 1 1 1 1 1 1 1 1 1 1 1 1 1 1 1 1 1 1 1 1 1 1 1 1 1 1 1 1 1 1 1 1 1 1 1 1 1 1 1 1 1 1 
240 25 25 25 25 25 25 25 25 25 25 25 25 25 25 25 25 25 25 25 25 25 25 25 25 25 25 25 25 25 25 25 25 25 25 25 25 25 25 25 25 25 25 25 25 25 25 25 25 25 25 25 25 25 25 25 25 25 25 25 25 25 25 25 25 25 25 25 25 25 25 25 25 25 25 25 25 25 25 25 25 25 25 25 25 25 25 25 25 25 25 25 25 25 25 25 25 25 25 25 25 25 25 25 25 25 25 25 25 25 25 25 25 25 25 25 25 25 25 25 25 25 25 25 25 25 25 25 25 25 25 25 25 25 25 25 25 25 25 25 25 25 25 25 25 25 25 25 25 25 25 25 25 25 25 25 25 25 25 25 25 25 25 25 25 25 25 25 25 25 25 25 25 25 25 25 25 25 25 25 25 25 25 25 25 25 25 25 25 25 25 25 25 25 25 25 25 25 25 25 25 25 25 25 25 25 25 25 25 25 25 25 25 25 25 25 25 25 25 25 25 25 25 25 25 25 25 25 25 25 25 25 25 25 25 25 25 25 25 25 25 
0 0 0 0 0 0 0 0 0 0 0 0 0 0 0 0 0 0 0 0 0 0 0 0 0 0 0 0 0 0 0 0 0 0 0 0 0 0 0 0 0 0 0 0 0 0 0 0 0 0 0 0 0 0 0 0 0 0 0 0 0 0 0 0 0 0 0 0 0 0 0 0 0 1 1 1 1 1 1 1 1 1 1 1 1 1 1 1 1 1 1 1 1 1 1 1 1 1 1 1 1 1 1 1 1 1 1 1 1 1 1 1 1 1 1 1 1 1 1 1 1 1 1 1 1 1 1 1 1 1 1 1 1 1 1 1 1 1 1 1 1 1 1 1 1 0 0 0 0 0 0 0 0 0 0 0 0 0 0 0 0 0 0 0 0 0 0 0 0 0 0 0 0 0 0 0 0 0 0 0 0 0 0 0 0 0 0 0 0 0 0 0 0 0 0 0 0 0 0 0 0 0 0 0 0 0 0 0 0 0 0 0 0 0 0 0 0 0 0 0 0 0 0 0 0 0 0 0 0 0 0 0 0 0 0 0 0 0 0 0 0 
0.0416667 0 0 0 0 0 0 0 0 0 0 0 0 0 0 0 0 0 0 0 0 0 0 0 0 0 0 0 0 0 0 0 0 0 0 0 0 0 0 0 0 0 0 0 0 0 0 0 0 0 0 0 0 0 0 0 0 0 0 0 0 0 0 0 0 0 0 0 0 0 0 0 0.495842 0.504158 1 1 1 1 1 1 1 1 1 1 1 1 1 1 1 1 1 1 1 1 1 1 1 1 1 1 1 1 1 1 1 1 1 1 1 1 1 1 1 1 1 1 1 1 1 1 1 1 1 1 1 1 1 1 1 1 1 1 1 1 1 1 1 1 1 1 1 1 1 1 0.504158 0.495842 0 0 0 0 0 0 0 0 0 0 0 0 0 0 0 0 0 0 0 0 0 0 0 0 0 0 0 0 0 0 0 0 0 0 0 0 0 0 0 0 0 0 0 0 0 0 0 0 0 0 0 0 0 0 0 0 0 0 0 0 0 0 0 0 0 0 0 0 0 0 0 0 0 0 0 0 0 0 0 0 0 0 0 0 0 0 0 0 0 0 0 0 0 0 0 
0.0833333 0 0 0 0 0 0 0 0 0 0 0 0 0 0 0 0 0 0 0 0 0 0 0 0 0 0 0 0 0 0 0 0 0 0 0 0 0 0 0 0 0 0 0 0 0 0 0 0 0 0 0 0 0 0 0 0 0 0 0 0 0 0 0 0 0 0 0 0 0 0 0.491719 0.508212 0.491788 0.508281 1 1 1 1 1 1 1 1 1 1 1 1 1 1 1 1 1 1 1 1 1 1 1 1 1 1 1 1 1 1 1 1 1 1 1 1 1 1 1 1 1 1 1 1 1 1 1 1 1 1 1 1 1 1 1 1 1 1 1 1 1 1 1 1 1 1 1 1 0.508281 0.491788 0.508212 0.491719 0 0 0 0 0 0 0 0 0 0 0 0 0 0 0 0 0 0 0 0 0 0 0 0 0 0 0 0 0 0 0 0 0 0 0 0 0 0 0 0 0 0 0 0 0 0 0 0 0 0 0 0 0 0 0 0 0 0 0 0 0 0 0 0 0 0 0 0 0 0 0 0 0 0 0 0 0 0 0 0 0 0 0 0 0 0 0 0 0 0 0 0 0 0 
0.125 0 0 0 0 0 0 0 0 0 0 0 0 0 0 0 0 0 0 0 0 0 0 0 0 0 0 0 0 0 0 0 0 0 0 0 0 0 0 0 0 0 0 0 0 0 0 0 0 0 0 0 0 0 0 0 0 0 0 0 0 0 0 0 0 0 0 0 0 0 0.487629 0.512164 0.487938 0.512062 0.487836 0.512371 1 1 1 1 1 1 1 1 1 1 1 1 1 1 1 1 1 1 1 1 1 1 1 1 1 1 1 1 1 1 1 1 1 1 1 1 1 1 1 1 1 1 1 1 1 1 1 1 1 1 1 1 1 1 1 1 1 1 1 1 1 1 1 1 1 1 0.512371 0.487836 0.512062 0.487938 0.512164 0.487629 0 0 0 0 0 0 0 0 0 0 0 0 0 0 0 0 0 0 0 0 0 0 0 0 0 0 0 0 0 0 0 0 0 0 0 0 0 0 0 0 0 0 0 0 0 0 0 0 0 0 0 0 0 0 0 0 0 0 0 0 0 0 0 0 0 0 0 0 0 0 0 0 0 0 0 0 0 0 0 0 0 0 0 0 0 0 0 0 0 0 0 0 0 
0.166667 0 0 0 0 0 0 0 0 0 0 0 0 0 0 0 0 0 0 0 0 0 0 0 0 0 0 0 0 0 0 0 0 0 0 0 0 0 0 0 0 0 0 0 0 0 0 0 0 0 0 0 0 0 0 0 0 0 0 0 0 0 0 0 0 0 0 0 0 0.483574 0.516015 0.484254 0.515612 0.484388 0.515746 0.483985 0.516426 1 1 1 1 1 1 1 1 1 1 1 1 1 1 1 1 1 1 1 1 1 1 1 1 1 1 1 1 1 1 1 1 1 1 1 1 1 1 1 1 1 1 1 1 1 1 1 1 1 1 1 1 1 1 1 1 1 1 1 1 1 1 1 1 0.516426 0.483985 0.515746 0.484388 0.515612 0.484254 0.516015 0.483574 0 0 0 0 0 0 0 0 0 0 0 0 0 0 0 0 0 0 0 0 0 0 0 0 0 0 0 0 0 0 0 0 0 0 0 0 0 0 0 0 0 0 0 0 0 0 0 0 0 0 0 0 0 0 0 0 0 0 0 0 0 0 0 0 0 0 0 0 0 0 0 0 0 0 0 0 0 0 0 0 0 0 0 0 0 0 0 0 0 0 0 0 
0.208333 0 0 0 0 0 0 0 0 0 0 0 0 0 0 0 0 0 0 0 0 0 0 0 0 0 0 0 0 0 0 0 0 0 0 0 0 0 0 0 0 0 0 0 0 0 0 0 0 0 0 0 0 0 0 0 0 0 0 0 0 0 0 0 0 0 0 0 0.479553 0.519767 0.480733 0.518938 0.481225 0.518775 0.481062 0.519267 0.480233 0.520447 1 1 1 1 1 1 1 1 1 1 1 1 1 1 1 1 1 1 1 1 1 1 1 1 1 1 1 1 1 1 1 1 1 1 1 1 1 1 1 1 1 1 1 1 1 1 1 1 1 1 1 1 1 1 1 1 1 1 1 1 1 1 0.520447 0.480233 0.519267 0.481062 0.518775 0.481225 0.518938 0.480733 0.519767 0.479553 0 0 0 0 0 0 0 0 0 0 0 0 0 0 0 0 0 0 0 0 0 0 0 0 0 0 0 0 0 0 0 0 0 0 0 0 0 0 0 0 0 0 0 0 0 0 0 0 0 0 0 0 0 0 0 0 0 0 0 0 0 0 0 0 0 0 0 0 0 0 0 0 0 0 0 0 0 0 0 0 0 0 0 0 0 0 0 0 0 0 0 
0.25 0 0 0 0 0 0 0 0 0 0 0 0 0 0 0 0 0 0 0 0 0 0 0 0 0 0 0 0 0 0 0 0 0 0 0 0 0 0 0 0 0 0 0 0 0 0 0 0 0 0 0 0 0 0 0 0 0 0 0 0 0 0 0 0 0 0 0.475565 0.52342 0.477371 0.522047 0.478335 0.521475 0.478525 0.521665 0.477953 0.522629 0.47658 0.524435 1 1 1 1 1 1 1 1 1 1 1 1 1 1 1 1 1 1 1 1 1 1 1 1 1 1 1 1 1 1 1 1 1 1 1 1 1 1 1 1 1 1 1 1 1 1 1 1 1 1 1 1 1 1 1 1 1 1 1 1 0.524435 0.47658 0.522629 0.477953 0.521665 0.478525 0.521475 0.478335 0.522047 0.477371 0.52342 0.475565 0 0 0 0 0 0 0 0 0 0 0 0 0 0 0 0 0 0 0 0 0 0 0 0 0 0 0 0 0 0 0 0 0 0 0 0 0 0 0 0 0 0 0 0 0 0 0 0 0 0 0 0 0 0 0 0 0 0 0 0 0 0 0 0 0 0 0 0 0 0 0 0 0 0 0 0 0 0 0 0 0 0 0 0 0 0 0 0 0 0 
0.291667 0 0 0 0 0 0 0 0 0 0 0 0 0 0 0 0 0 0 0 0 0 0 0 0 0 0 0 0 0 0 0 0 0 0 0 0 0 0 0 0 0 0 0 0 0 0 0 0 0 0 0 0 0 0 0 0 0 0 0 0 0 0 0 0 0 0.47161 0.526977 0.474164 0.524946 0.475708 0.523862 0.476351 0.523649 0.476138 0.524292 0.475054 0.525836 0.473023 0.52839 1 1 1 1 1 1 1 1 1 1 1 1 1 1 1 1 1 1 1 1 1 1 1 1 1 1 1 1 1 1 1 1 1 1 1 1 1 1 1 1 1 1 1 1 1 1 1 1 1 1 1 1 1 1 1 1 1 1 0.52839 0.473023 0.525836 0.475054 0.524292 0.476138 0.523649 0.476351 0.523862 0.475708 0.524946 0.474164 0.526977 0.47161 0 0 0 0 0 0 0 0 0 0 0 0 0 0 0 0 0 0 0 0 0 0 0 0 0 0 0 0 0 0 0 0 0 0 0 0 0 0 0 0 0 0 0 0 0 0 0 0 0 0 0 0 0 0 0 0 0 0 0 0 0 0 0 0 0 0 0 0 0 0 0 0 0 0 0 0 0 0 0 0 0 0 0 0 0 0 0 0 0 
0.333333 0 0 0 0 0 0 0 0 0 0 0 0 0 0 0 0 0 0 0 0 0 0 0 0 0 0 0 0 0 0 0 0 0 0 0 0 0 0 0 0 0 0 0 0 0 0 0 0 0 0 0 0 0 0 0 0 0 0 0 0 0 0 0 0 0.467688 0.530439 0.471109 0.527642 0.473333 0.525951 0.474519 0.525248 0.474752 0.525481 0.474049 0.526667 0.472358 0.528891 0.469561 0.532312 1 1 1 1 1 1 1 1 1 1 1 1 1 1 1 1 1 1 1 1 1 1 1 1 1 1 1 1 1 1 1 1 1 1 1 1 1 1 1 1 1 1 1 1 1 1 1 1 1 1 1 1 1 1 1 1 0.532312 0.469561 0.528891 0.472358 0.526667 0.474049 0.525481 0.474752 0.525248 0.474519 0.525951 0.473333 0.527642 0.471109 0.530439 0.467688 0 0 0 0 0 0 0 0 0 0 0 0 0 0 0 0 0 0 0 0 0 0 0 0 0 0 0 0 0 0 0 0 0 0 0 0 0 0 0 0 0 0 0 0 0 0 0 0 0 0 0 0 0 0 0 0 0 0 0 0 0 0 0 0 0 0 0 0 0 0 0 0 0 0 0 0 0 0 0 0 0 0 0 0 0 0 0 0 
0.375 0 0 0 0 0 0 0 0 0 0 0 0 0 0 0 0 0 0 0 0 0 0 0 0 0 0 0 0 0 0 0 0 0 0 0 0 0 0 0 0 0 0 0 0 0 0 0 0 0 0 0 0 0 0 0 0 0 0 0 0 0 0 0 0.463799 0.533806 0.468202 0.53014 0.471199 0.527758 0.473009 0.526487 0.473762 0.526238 0.473513 0.526991 0.472242 0.528801 0.46986 0.531798 0.466194 0.536201 1 1 1 1 1 1 1 1 1 1 1 1 1 1 1 1 1 1 1 1 1 1 1 1 1 1 1 1 1 1 1 1 1 1 1 1 1 1 1 1 1 1 1 1 1 1 1 1 1 1 1 1 1 1 0.536201 0.466194 0.531798 0.46986 0.528801 0.472242 0.526991 0.473513 0.526238 0.473762 0.526487 0.473009 0.527758 0.471199 0.53014 0.468202 0.533806 0.463799 0 0 0 0 0 0 0 0 0 0 0 0 0 0 0 0 0 0 0 0 0 0 0 0 0 0 0 0 0 0 0 0 0 0 0 0 0 0 0 0 0 0 0 0 0 0 0 0 0 0 0 0 0 0 0 0 0 0 0 0 0 0 0 0 0 0 0 0 0 0 0 0 0 0 0 0 0 0 0 0 0 0 0 0 0 0 0 
0.416667 0 0 0 0 0 0 0 0 0 0 0 0 0 0 0 0 0 0 0 0 0 0 0 0 0 0 0 0 0 0 0 0 0 0 0 0 0 0 0 0 0 0 0 0 0 0 0 0 0 0 0 0 0 0 0 0 0 0 0 0 0 0 0.459942 0.537081 0.46544 0.532446 0.469298 0.529295 0.471801 0.527394 0.473135 0.526603 0.473397 0.526865 0.472606 0.528199 0.470705 0.530702 0.467554 0.53456 0.462919 0.540058 1 1 1 1 1 1 1 1 1 1 1 1 1 1 1 1 1 1 1 1 1 1 1 1 1 1 1 1 1 1 1 1 1 1 1 1 1 1 1 1 1 1 1 1 1 1 1 1 1 1 1 1 0.540058 0.462919 0.53456 0.467554 0.530702 0.470705 0.528199 0.472606 0.526865 0.473397 0.526603 0.473135 0.527394 0.471801 0.529295 0.469298 0.532446 0.46544 0.537081 0.459942 0 0 0 0 0 0 0 0 0 0 0 0 0 0 0 0 0 0 0 0 0 0 0 0 0 0 0 0 0 0 0 0 0 0 0 0 0 0 0 0 0 0 0 0 0 0 0 0 0 0 0 0 0 0 0 0 0 0 0 0 0 0 0 0 0 0 0 0 0 0 0 0 0 0 0 0 0 0 0 0 0 0 0 0 0 0 
0.458333 0 0 0 0 0 0 0 0 0 0 0 0 0 0 0 0 0 0 0 0 0 0 0 0 0 0 0 0 0 0 0 0 0 0 0 0 0 0 0 0 0 0 0 0 0 0 0 0 0 0 0 0 0 0 0 0 0 0 0 0 0 0.456117 0.540264 0.462821 0.534568 0.467618 0.530578 0.470877 0.527991 0.472841 0.526613 0.473658 0.526342 0.473387 0.527159 0.472009 0.529123 0.469422 0.532382 0.465432 0.537179 0.459736 0.543883 1 1 1 1 1 1 1 1 1 1 1 1 1 1 1 1 1 1 1 1 1 1 1 1 1 1 1 1 1 1 1 1 1 1 1 1 1 1 1 1 1 1 1 1 1 1 1 1 1 1 0.543883 0.459736 0.537179 0.465432 0.532382 0.469422 0.529123 0.472009 0.527159 0.473387 0.526342 0.473658 0.526613 0.472841 0.527991 0.470877 0.530578 0.467618 0.534568 0.462821 0.540264 0.456117 0 0 0 0 0 0 0 0 0 0 0 0 0 0 0 0 0 0 0 0 0 0 0 0 0 0 0 0 0 0 0 0 0 0 0 0 0 0 0 0 0 0 0 0 0 0 0 0 0 0 0 0 0 0 0 0 0 0 0 0 0 0 0 0 0 0 0 0 0 0 0 0 0 0 0 0 0 0 0 0 0 0 0 0 0 
0.5 0 0 0 0 0 0 0 0 0 0 0 0 0 0 0 0 0 0 0 0 0 0 0 0 0 0 0 0 0 0 0 0 0 0 0 0 0 0 0 0 0 0 0 0 0 0 0 0 0 0 0 0 0 0 0 0 0 0 0 0 0.452324 0.543358 0.46034 0.536511 0.466152 0.531619 0.470218 0.528302 0.47285 0.526304 0.474251 0.525474 0.474526 0.525749 0.473696 0.52715 0.471698 0.529782 0.468381 0.533848 0.463489 0.53966 0.456642 0.547676 1 1 1 1 1 1 1 1 1 1 1 1 1 1 1 1 1 1 1 1 1 1 1 1 1 1 1 1 1 1 1 1 1 1 1 1 1 1 1 1 1 1 1 1 1 1 1 1 0.547676 0.456642 0.53966 0.463489 0.533848 0.468381 0.529782 0.471698 0.52715 0.473696 0.525749 0.474526 0.525474 0.474251 0.526304 0.47285 0.528302 0.470218 0.531619 0.466152 0.536511 0.46034 0.543358 0.452324 0 0 0 0 0 0 0 0 0 0 0 0 0 0 0 0 0 0 0 0 0 0 0 0 0 0 0 0 0 0 0 0 0 0 0 0 0 0 0 0 0 0 0 0 0 0 0 0 0 0 0 0 0 0 0 0 0 0 0 0 0 0 0 0 0 0 0 0 0 0 0 0 0 0 0 0 0 0 0 0 0 0 0 0 
0.541667 0 0 0 0 0 0 0 0 0 0 0 0 0 0 0 0 0 0 0 0 0 0 0 0 0 0 0 0 0 0 0 0 0 0 0 0 0 0 0 0 0 0 0 0 0 0 0 0 0 0 0 0 0 0 0 0 0 0 0 0.448563 0.546362 0.457994 0.53828 0.46489 0.532432 0.469806 0.52835 0.473135 0.52571 0.475138 0.524306 0.475969 0.524031 0.475694 0.524862 0.47429 0.526865 0.47165 0.530194 0.467568 0.53511 0.46172 0.542006 0.453638 0.551437 1 1 1 1 1 1 1 1 1 1 1 1 1 1 1 1 1 1 1 1 1 1 1 1 1 1 1 1 1 1 1 1 1 1 1 1 1 1 1 1 1 1 1 1 1 1 0.551437 0.453638 0.542006 0.46172 0.53511 0.467568 0.530194 0.47165 0.526865 0.47429 0.524862 0.475694 0.524031 0.475969 0.524306 0.475138 0.52571 0.473135 0.52835 0.469806 0.532432 0.46489 0.53828 0.457994 0.546362 0.448563 0 0 0 0 0 0 0 0 0 0 0 0 0 0 0 0 0 0 0 0 0 0 0 0 0 0 0 0 0 0 0 0 0 0 0 0 0 0 0 0 0 0 0 0 0 0 0 0 0 0 0 0 0 0 0 0 0 0 0 0 0 0 0 0 0 0 0 0 0 0 0 0 0 0 0 0 0 0 0 0 0 0 0 
0.583333 0 0 0 0 0 0 0 0 0 0 0 0 0 0 0 0 0 0 0 0 0 0 0 0 0 0 0 0 0 0 0 0 0 0 0 0 0 0 0 0 0 0 0 0 0 0 0 0 0 0 0 0 0 0 0 0 0 0 0.444832 0.549279 0.455781 0.539882 0.463822 0.53303 0.469626 0.528155 0.47367 0.524861 0.47628 0.522883 0.477666 0.522062 0.477938 0.522334 0.477117 0.52372 0.475139 0.52633 0.471845 0.530374 0.46697 0.536178 0.460118 0.544219 0.450721 0.555168 1 1 1 1 1 1 1 1 1 1 1 1 1 1 1 1 1 1 1 1 1 1 1 1 1 1 1 1 1 1 1 1 1 1 1 1 1 1 1 1 1 1 1 1 0.555168 0.450721 0.544219 0.460118 0.536178 0.46697 0.530374 0.471845 0.52633 0.475139 0.52372 0.477117 0.522334 0.477938 0.522062 0.477666 0.522883 0.47628 0.524861 0.47367 0.528155 0.469626 0.53303 0.463822 0.539882 0.455781 0.549279 0.444832 0 0 0 0 0 0 0 0 0 0 0 0 0 0 0 0 0 0 0 0 0 0 0 0 0 0 0 0 0 0 0 0 0 0 0 0 0 0 0 0 0 0 0 0 0 0 0 0 0 0 0 0 0 0 0 0 0 0 0 0 0 0 0 0 0 0 0 0 0 0 0 0 0 0 0 0 0 0 0 0 0 0 
0.625 0 0 0 0 0 0 0 0 0 0 0 0 0 0 0 0 0 0 0 0 0 0 0 0 0 0 0 0 0 0 0 0 0 0 0 0 0 0 0 0 0 0 0 0 0 0 0 0 0 0 0 0 0 0 0 0 0 0.441133 0.55211 0.453697 0.541322 0.462941 0.533424 0.469661 0.527739 0.47443 0.523788 0.477645 0.521243 0.479573 0.519893 0.480372 0.519628 0.480107 0.520427 0.478757 0.522355 0.476212 0.52557 0.472261 0.530339 0.466576 0.537059 0.458678 0.546303 0.44789 0.558867 1 1 1 1 1 1 1 1 1 1 1 1 1 1 1 1 1 1 1 1 1 1 1 1 1 1 1 1 1 1 1 1 1 1 1 1 1 1 1 1 1 1 0.558867 0.44789 0.546303 0.458678 0.537059 0.466576 0.530339 0.472261 0.52557 0.476212 0.522355 0.478757 0.520427 0.480107 0.519628 0.480372 0.519893 0.479573 0.521243 0.477645 0.523788 0.47443 0.527739 0.469661 0.533424 0.462941 0.541322 0.453697 0.55211 0.441133 0 0 0 0 0 0 0 0 0 0 0 0 0 0 0 0 0 0 0 0 0 0 0 0 0 0 0 0 0 0 0 0 0 0 0 0 0 0 0 0 0 0 0 0 0 0 0 0 0 0 0 0 0 0 0 0 0 0 0 0 0 0 0 0 0 0 0 0 0 0 0 0 0 0 0 0 0 0 0 0 0 
0.666667 0 0 0 0 0 0 0 0 0 0 0 0 0 0 0 0 0 0 0 0 0 0 0 0 0 0 0 0 0 0 0 0 0 0 0 0 0 0 0 0 0 0 0 0 0 0 0 0 0 0 0 0 0 0 0 0 0.437465 0.554855 0.451739 0.542606 0.462237 0.533626 0.469896 0.527119 0.475391 0.522518 0.479199 0.519423 0.481646 0.517571 0.482942 0.516804 0.483196 0.517058 0.482429 0.518354 0.480577 0.520801 0.477482 0.524609 0.472881 0.530104 0.466374 0.537763 0.457394 0.548261 0.445145 0.562535 1 1 1 1 1 1 1 1 1 1 1 1 1 1 1 1 1 1 1 1 1 1 1 1 1 1 1 1 1 1 1 1 1 1 1 1 1 1 1 1 0.562535 0.445145 0.548261 0.457394 0.537763 0.466374 0.530104 0.472881 0.524609 0.477482 0.520801 0.480577 0.518354 0.482429 0.517058 0.483196 0.516804 0.482942 0.517571 0.481646 0.519423 0.479199 0.522518 0.475391 0.527119 0.469896 0.533626 0.462237 0.542606 0.451739 0.554855 0.437465 0 0 0 0 0 0 0 0 0 0 0 0 0 0 0 0 0 0 0 0 0 0 0 0 0 0 0 0 0 0 0 0 0 0 0 0 0 0 0 0 0 0 0 0 0 0 0 0 0 0 0 0 0 0 0 0 0 0 0 0 0 0 0 0 0 0 0 0 0 0 0 0 0 0 0 0 0 0 0 0 
0.708333 0 0 0 0 0 0 0 0 0 0 0 0 0 0 0 0 0 0 0 0 0 0 0 0 0 0 0 0 0 0 0 0 0 0 0 0 0 0 0 0 0 0 0 0 0 0 0 0 0 0 0 0 0 0 0 0.433827 0.557517 0.449904 0.543738 0.461703 0.533647 0.470316 0.526316 0.476532 0.521076 0.480912 0.517458 0.483849 0.515139 0.485602 0.513913 0.486327 0.513673 0.486087 0.514398 0.484861 0.516151 0.482542 0.519088 0.478924 0.523468 0.473684 0.529684 0.466353 0.538297 0.456262 0.550096 0.442483 0.566173 1 1 1 1 1 1 1 1 1 1 1 1 1 1 1 1 1 1 1 1 1 1 1 1 1 1 1 1 1 1 1 1 1 1 1 1 1 1 0.566173 0.442483 0.550096 0.456262 0.538297 0.466353 0.529684 0.473684 0.523468 0.478924 0.519088 0.482542 0.516151 0.484861 0.514398 0.486087 0.513673 0.486327 0.513913 0.485602 0.515139 0.483849 0.517458 0.480912 0.521076 0.476532 0.526316 0.470316 0.533647 0.461703 0.543738 0.449904 0.557517 0.433827 0 0 0 0 0 0 0 0 0 0 0 0 0 0 0 0 0 0 0 0 0 0 0 0 0 0 0 0 0 0 0 0 0 0 0 0 0 0 0 0 0 0 0 0 0 0 0 0 0 0 0 0 0 0 0 0 0 0 0 0 0 0 0 0 0 0 0 0 0 0 0 0 0 0 0 0 0 0 0 
0.75 0 0 0 0 0 0 0 0 0 0 0 0 0 0 0 0 0 0 0 0 0 0 0 0 0 0 0 0 0 0 0 0 0 0 0 0 0 0 0 0 0 0 0 0 0 0 0 0 0 0 0 0 0 0 0.430219 0.560096 0.448189 0.544725 0.461331 0.533499 0.470907 0.525345 0.477832 0.519488 0.482758 0.515379 0.486146 0.512634 0.488311 0.510999 0.489452 0.510325 0.489675 0.510548 0.489001 0.511689 0.487366 0.513854 0.484621 0.517242 0.480512 0.522168 0.474655 0.529093 0.466501 0.538669 0.455275 0.551811 0.439904 0.569781 1 1 1 1 1 1 1 1 1 1 1 1 1 1 1 1 1 1 1 1 1 1 1 1 1 1 1 1 1 1 1 1 1 1 1 1 0.569781 0.439904 0.551811 0.455275 0.538669 0.466501 0.529093 0.474655 0.522168 0.480512 0.517242 0.484621 0.513854 0.487366 0.511689 0.489001 0.510548 0.489675 0.510325 0.489452 0.510999 0.488311 0.512634 0.486146 0.515379 0.482758 0.519488 0.477832 0.525345 0.470907 0.533499 0.461331 0.544725 0.448189 0.560096 0.430219 0 0 0 0 0 0 0 0 0 0 0 0 0 0 0 0 0 0 0 0 0 0 0 0 0 0 0 0 0 0 0 0 0 0 0 0 0 0 0 0 0 0 0 0 0 0 0 0 0 0 0 0 0 0 0 0 0 0 0 0 0 0 0 0 0 0 0 0 0 0 0 0 0 0 0 0 0 0 
0.791667 0 0 0 0 0 0 0 0 0 0 0 0 0 0 0 0 0 0 0 0 0 0 0 0 0 0 0 0 0 0 0 0 0 0 0 0 0 0 0 0 0 0 0 0 0 0 0 0 0 0 0 0 0 0.426641 0.562594 0.446592 0.545571 0.461113 0.533192 0.471656 0.524224 0.479271 0.517776 0.484709 0.513214 0.488506 0.510091 0.49103 0.508104 0.492529 0.507058 0.493146 0.506854 0.492942 0.507471 0.491896 0.50897 0.489909 0.511494 0.486786 0.515291 0.482224 0.520729 0.475776 0.528344 0.466808 0.538887 0.454429 0.553408 0.437406 0.573359 1 1 1 1 1 1 1 1 1 1 1 1 1 1 1 1 1 1 1 1 1 1 1 1 1 1 1 1 1 1 1 1 1 1 0.573359 0.437406 0.553408 0.454429 0.538887 0.466808 0.528344 0.475776 0.520729 0.482224 0.515291 0.486786 0.511494 0.489909 0.50897 0.491896 0.507471 0.492942 0.506854 0.493146 0.507058 0.492529 0.508104 0.49103 0.510091 0.488506 0.513214 0.484709 0.517776 0.479271 0.524224 0.471656 0.533192 0.461113 0.545571 0.446592 0.562594 0.426641 0 0 0 0 0 0 0 0 0 0 0 0 0 0 0 0 0 0 0 0 0 0 0 0 0 0 0 0 0 0 0 0 0 0 0 0 0 0 0 0 0 0 0 0 0 0 0 0 0 0 0 0 0 0 0 0 0 0 0 0 0 0 0 0 0 0 0 0 0 0 0 0 0 0 0 0 0 
0.833333 0 0 0 0 0 0 0 0 0 0 0 0 0 0 0 0 0 0 0 0 0 0 0 0 0 0 0 0 0 0 0 0 0 0 0 0 0 0 0 0 0 0 0 0 0 0 0 0 0 0 0 0 0.423094 0.565011 0.44511 0.54628 0.461041 0.532736 0.472549 0.522968 0.48083 0.51596 0.486743 0.510989 0.4909 0.507541 0.493728 0.50526 0.49552 0.503912 0.496459 0.503358 0.496642 0.503541 0.496088 0.50448 0.49474 0.506272 0.492459 0.5091 0.489011 0.513257 0.48404 0.51917 0.477032 0.527451 0.467264 0.538959 0.45372 0.55489 0.434989 0.576906 1 1 1 1 1 1 1 1 1 1 1 1 1 1 1 1 1 1 1 1 1 1 1 1 1 1 1 1 1 1 1 1 0.576906 0.434989 0.55489 0.45372 0.538959 0.467264 0.527451 0.477032 0.51917 0.48404 0.513257 0.489011 0.5091 0.492459 0.506272 0.49474 0.50448 0.496088 0.503541 0.496642 0.503358 0.496459 0.503912 0.49552 0.50526 0.493728 0.507541 0.4909 0.510989 0.486743 0.51596 0.48083 0.522968 0.472549 0.532736 0.461041 0.54628 0.44511 0.565011 0.423094 0 0 0 0 0 0 0 0 0 0 0 0 0 0 0 0 0 0 0 0 0 0 0 0 0 0 0 0 0 0 0 0 0 0 0 0 0 0 0 0 0 0 0 0 0 0 0 0 0 0 0 0 0 0 0 0 0 0 0 0 0 0 0 0 0 0 0 0 0 0 0 0 0 0 0 0 
0.875 0 0 0 0 0 0 0 0 0 0 0 0 0 0 0 0 0 0 0 0 0 0 0 0 0 0 0 0 0 0 0 0 0 0 0 0 0 0 0 0 0 0 0 0 0 0 0 0 0 0 0 0.419575 0.567349 0.443739 0.546859 0.461109 0.532141 0.473574 0.521592 0.482493 0.514062 0.488838 0.50873 0.493302 0.505011 0.496375 0.5025 0.498394 0.500918 0.499581 0.500093 0.500068 0.499932 0.499907 0.500419 0.499082 0.501606 0.4975 0.503625 0.494989 0.506698 0.49127 0.511162 0.485938 0.517507 0.478408 0.526426 0.467859 0.538891 0.453141 0.556261 0.432651 0.580425 1 1 1 1 1 1 1 1 1 1 1 1 1 1 1 1 1 1 1 1 1 1 1 1 1 1 1 1 1 1 0.580425 0.432651 0.556261 0.453141 0.538891 0.467859 0.526426 0.478408 0.517507 0.485938 0.511162 0.49127 0.506698 0.494989 0.503625 0.4975 0.501606 0.499082 0.500419 0.499907 0.499932 0.500068 0.500093 0.499581 0.500918 0.498394 0.5025 0.496375 0.505011 0.493302 0.50873 0.488838 0.514062 0.482493 0.521592 0.473574 0.532141 0.461109 0.546859 0.443739 0.567349 0.419575 0 0 0 0 0 0 0 0 0 0 0 0 0 0 0 0 0 0 0 0 0 0 0 0 0 0 0 0 0 0 0 0 0 0 0 0 0 0 0 0 0 0 0 0 0 0 0 0 0 0 0 0 0 0 0 0 0 0 0 0 0 0 0 0 0 0 0 0 0 0 0 0 0 0 0 
0.916667 0 0 0 0 0 0 0 0 0 0 0 0 0 0 0 0 0 0 0 0 0 0 0 0 0 0 0 0 0 0 0 0 0 0 0 0 0 0 0 0 0 0 0 0 0 0 0 0 0 0 0.416086 0.56961 0.442478 0.547312 0.461309 0.531416 0.47472 0.52011 0.484242 0.512098 0.490973 0.506456 0.495691 0.502526 0.498947 0.499847 0.501127 0.498102 0.502488 0.497084 0.503195 0.496668 0.503332 0.496805 0.502916 0.497512 0.501898 0.498873 0.500153 0.501053 0.497474 0.504309 0.493544 0.509027 0.487902 0.515758 0.47989 0.52528 0.468584 0.538691 0.452688 0.557522 0.43039 0.583914 1 1 1 1 1 1 1 1 1 1 1 1 1 1 1 1 1 1 1 1 1 1 1 1 1 1 1 1 0.583914 0.43039 0.557522 0.452688 0.538691 0.468584 0.52528 0.47989 0.515758 0.487902 0.509027 0.493544 0.504309 0.497474 0.501053 0.500153 0.498873 0.501898 0.497512 0.502916 0.496805 0.503332 0.496668 0.503195 0.497084 0.502488 0.498102 0.501127 0.499847 0.498947 0.502526 0.495691 0.506456 0.490973 0.512098 0.484242 0.52011 0.47472 0.531416 0.461309 0.547312 0.442478 0.56961 0.416086 0 0 0 0 0 0 0 0 0 0 0 0 0 0 0 0 0 0 0 0 0 0 0 0 0 0 0 0 0 0 0 0 0 0 0 0 0 0 0 0 0 0 0 0 0 0 0 0 0 0 0 0 0 0 0 0 0 0 0 0 0 0 0 0 0 0 0 0 0 0 0 0 0 0 
0.958333 0 0 0 0 0 0 0 0 0 0 0 0 0 0 0 0 0 0 0 0 0 0 0 0 0 0 0 0 0 0 0 0 0 0 0 0 0 0 0 0 0 0 0 0 0 0 0 0 0 0.412626 0.571793 0.441322 0.547643 0.461634 0.530571 0.475974 0.518536 0.486064 0.510087 0.49313 0.504188 0.498044 0.500106 0.501422 0.497324 0.503695 0.495486 0.505159 0.494349 0.506006 0.493763 0.50635 0.49365 0.506237 0.493994 0.505651 0.494841 0.504514 0.496305 0.502676 0.498578 0.499894 0.501956 0.495812 0.50687 0.489913 0.513936 0.481464 0.524026 0.469429 0.538366 0.452357 0.558678 0.428207 0.587374 1 1 1 1 1 1 1 1 1 1 1 1 1 1 1 1 1 1 1 1 1 1 1 1 1 1 0.587374 0.428207 0.558678 0.452357 0.538366 0.469429 0.524026 0.481464 0.513936 0.489913 0.50687 0.495812 0.501956 0.499894 0.498578 0.502676 0.496305 0.504514 0.494841 0.505651 0.493994 0.506237 0.49365 0.50635 0.493763 0.506006 0.494349 0.505159 0.495486 0.503695 0.497324 0.501422 0.500106 0.498044 0.504188 0.49313 0.510087 0.486064 0.518536 0.475974 0.530571 0.461634 0.547643 0.441322 0.571793 0.412626 0 0 0 0 0 0 0 0 0 0 0 0 0 0 0 0 0 0 0 0 0 0 0 0 0 0 0 0 0 0 0 0 0 0 0 0 0 0 0 0 0 0 0 0 0 0 0 0 0 0 0 0 0 0 0 0 0 0 0 0 0 0 0 0 0 0 0 0 0 0 0 0 0 
1 0 0 0 0 0 0 0 0 0 0 0 0 0 0 0 0 0 0 0 0 0 0 0 0 0 0 0 0 0 0 0 0 0 0 0 0 0 0 0 0 0 0 0 0 0 0 0 0 0.409194 0.573901 0.440271 0.547858 0.462078 0.529613 0.477327 0.516883 0.487942 0.508043 0.495292 0.501943 0.500344 0.497769 0.503782 0.494949 0.506083 0.493084 0.507579 0.491903 0.50849 0.491228 0.508954 0.490956 0.509044 0.491046 0.508772 0.49151 0.508097 0.492421 0.506916 0.493917 0.505051 0.496218 0.502231 0.499656 0.498057 0.504708 0.491957 0.512058 0.483117 0.522673 0.470387 0.537922 0.452142 0.559729 0.426099 0.590806 1 1 1 1 1 1 1 1 1 1 1 1 1 1 1 1 1 1 1 1 1 1 1 1 0.590806 0.426099 0.559729 0.452142 0.537922 0.470387 0.522673 0.483117 0.512058 0.491957 0.504708 0.498057 0.499656 0.502231 0.496218 0.505051 0.493917 0.506916 0.492421 0.508097 0.49151 0.508772 0.491046 0.509044 0.490956 0.508954 0.491228 0.50849 0.491903 0.507579 0.493084 0.506083 0.494949 0.503782 0.497769 0.500344 0.501943 0.495292 0.508043 0.487942 0.516883 0.477327 0.529613 0.462078 0.547858 0.440271 0.573901 0.409194 0 0 0 0 0 0 0 0 0 0 0 0 0 0 0 0 0 0 0 0 0 0 0 0 0 0 0 0 0 0 0 0 0 0 0 0 0 0 0 0 0 0 0 0 0 0 0 0 0 0 0 0 0 0 0 0 0 0 0 0 0 0 0 0 0 0 0 0 0 0 0 0 
